function Wi=Ad_Capacity()
%ad Capacity
%type -----> 1 2 3 4 5 6 7 8  9  10 11 12 13 14 15
         Wi=[8 7 9 5 6 8 3 10 15 12 8  4  4  4  4];
end