function Cij=Cost_Table()
%Cost Table
%  Target Audience   1     2     3     4
              Cij=[0.140 0.120 0.140 0.150; % ATV-01
                   0.110 0.130 0.150 0.100; % BTV-02
                   0.100 0.043 0.100 0.085; % CTV-03
                   0.130 0.130 0.130 0.125; % DTV-04
                   0.130 0.135 0.140 0.140; % ETV-05
                   0.150 0.150 0.150 0.150; % FTV-06
                   0.160 0.160 0.160 0.180; % GTV-07
                   0.015 0.010 0.010 0.010; % K RADIO-08
                   0.025 0.020 0.020 0.027; % L RADIO-09
                   0.050 0.050 0.050 0.065; % INTERNET-10
                   0.100 0.100 0.100 0.100; % P NEWSPAPER-11
                   0.160 0.160 0.160 0.160; % R NEWSPAPER-12
                   0.096 0.096 0.096 0.096; % BILLBOARD-13
                   0.020 0.020 0.020 0.020; % PRINTINGS-14
                   0.008 0.008 0.008 0.008; % EMAIL-15 
                   ];
end