function Pij=Probability_Table()
%Probability Table 
%  Target Audience   1    2    3    4
              Pij=[0.21 0.12 0.12 0.23; % ATV-01
                   0.35 0.24 0.12 0.07; % BTV-02
                   0.19 0.04 0.00 0.19; % CTV-03
                   0.00 0.26 0.19 0.13; % DTV-04
                   0.13 0.19 0.25 0.00; % ETV-05
                   0.24 0.14 0.22 0.09; % FTV-06
                   0.09 0.00 0.18 0.28; % GTV-07
                   0.39 0.17 0.47 0.00; % K RADIO-08
                   0.24 0.31 0.14 0.43; % L RADIO-09
                   0.10 0.23 0.03 0.35; % INTERNET-10
                   0.12 0.11 0.03 0.09; % P NEWSPAPER-11
                   0.32 0.23 0.09 0.21; % R NEWSPAPER-12
                   0.32 0.10 0.28 0.02; % BILLBOARD-13
                   0.23 0.12 0.08 0.03; % PRINTINGS-14
                   0.29 0.07 0.04 0.32; % EMAIL-15             

];
end